pontszám;teljesítésért járó elem (minden elemnek van egy száma)
7x7-es mátrix, ami körbe van véve fallal (a belseje 5x5-ös)
20db fekete kártya van
5;1
10;10;10;10;10;10;10
10;10;10;10;10;10;10
10; 0; 0; 0; 0;10;10
10;10; 0; 0; 0; 0;10
10;10; 0; 0; 0; 0;10
10; 0; 0; 0; 0;10;10
10;10;10;10;10;10;10
3;7
10;10;10;10;10;10;10
10;10;10;10;10;10;10
10;10; 0; 0;10;10;10
10;10; 0; 0;10;10;10
10;10; 0; 0; 0;10;10
10;10; 0; 0; 0;10;10
10;10;10;10;10;10;10
4;4
10;10;10;10;10;10;10
10;10;10; 0;10;10;10
10;10; 0; 0;10;10;10
10;10; 0; 0;10;10;10
10;10; 0; 0; 0;10;10
10; 0; 0; 0; 0; 0;10
10;10;10;10;10;10;10
3;5
10;10;10;10;10;10;10
10;10;10;10;10;10;10
10;10;10; 0; 0;10;10
10;10; 0; 0; 0;10;10
10;10; 0; 0; 0;10;10
10;10; 0; 0; 0;10;10
10;10;10;10;10;10;10
3;9
10;10;10;10;10;10;10
10;10;10; 0;10;10;10
10;10; 0; 0;10;10;10
10;10; 0; 0;10;10;10
10;10; 0; 0; 0;10;10
10;10; 0; 0; 0;10;10
10;10;10;10;10;10;10
5;1
10;10;10;10;10;10;10
10;10;10;10;10;10;10
10;10; 0; 0; 0;10;10
10; 0; 0; 0; 0; 0;10
10; 0; 0; 0; 0; 0;10
10;10; 0; 0; 0;10;10
10;10;10;10;10;10;10
3;8
10;10;10;10;10;10;10
10;10;10;10;10;10;10
10; 0;10;10;10;10;10
10; 0; 0;10;10;10;10
10; 0; 0; 0;10;10;10
10; 0; 0; 0; 0;10;10
10;10;10;10;10;10;10
3;2
10;10;10;10;10;10;10
10;10;10;10;10;10;10
10;10;10;10;10;10;10
10;10;10;10;10;10;10
10; 0; 0; 0;10;10;10
10; 0; 0; 0; 0; 0;10
10;10;10;10;10;10;10
4;4
10;10;10;10;10;10;10
10;10;10;10;10;10;10
10;10;10;10;10;10;10
10;10; 0; 0; 0;10;10
10; 0; 0; 0; 0; 0;10
10; 0; 0; 0; 0; 0;10
10;10;10;10;10;10;10
4;2
10;10;10;10;10;10;10
10;10;10;10;10;10;10
10;10;10;10; 0;10;10
10;10;10; 0; 0;10;10
10; 0; 0; 0; 0;10;10
10; 0; 0; 0; 0; 0;10
10;10;10;10;10;10;10
5;1
10;10;10;10;10;10;10
10;10;10;10;10;10;10
10;10;10; 0;10;10;10
10; 0; 0; 0; 0; 0;10
10; 0; 0; 0; 0; 0;10
10; 0; 0; 0; 0; 0;10
10;10;10;10;10;10;10
4;2
10;10;10;10;10;10;10
10;10;10;10;10;10;10
10;10; 0;10;10;10;10
10;10; 0; 0; 0;10;10
10;10; 0; 0; 0;10;10
10; 0; 0; 0; 0; 0;10
10;10;10;10;10;10;10
3;6
10;10;10;10;10;10;10
10;10;10;10;10;10;10
10;10; 0; 0;10;10;10
10;10; 0; 0; 0;10;10
10;10; 0; 0; 0;10;10
10;10; 0; 0;10;10;10
10;10;10;10;10;10;10
5;1
10;10;10;10;10;10;10
10;10;10; 0; 0;10;10
10; 0; 0; 0; 0;10;10
10;10; 0; 0; 0; 0;10
10;10; 0; 0; 0; 0;10
10;10; 0; 0;10;10;10
10;10;10;10;10;10;10
4;3
10;10;10;10;10;10;10
10;10;10;10;10;10;10
10;10;10;10;10; 0;10
10; 0; 0; 0; 0; 0;10
10; 0; 0; 0; 0; 0;10
10;10;10; 0; 0; 0;10
10;10;10;10;10;10;10
3;4
10;10;10;10;10;10;10
10;10;10;10;10;10;10
10;10;10;10;10;10;10
10;10; 0; 0;10;10;10
10; 0; 0; 0;10;10;10
10; 0; 0; 0; 0;10;10
10;10;10;10;10;10;10
3;3
10;10;10;10;10;10;10
10;10;10;10;10;10;10
10;10; 0;10;10;10;10
10;10; 0; 0;10;10;10
10;10; 0; 0; 0;10;10
10;10; 0; 0; 0;10;10
10;10;10;10;10;10;10
5;1
10;10;10;10;10;10;10
10;10;10;10;10;10;10
10;10; 0; 0; 0; 0;10
10;10; 0; 0; 0; 0;10
10; 0; 0; 0; 0;10;10
10; 0; 0; 0; 0;10;10
10;10;10;10;10;10;10
4;3
10;10;10;10;10;10;10
10;10;10;10;10;10;10
10;10;10;10; 0; 0;10
10;10;10; 0; 0; 0;10
10;10; 0; 0; 0; 0;10
10; 0; 0; 0; 0; 0;10
10;10;10;10;10;10;10
4;1
10;10;10;10;10;10;10
10;10;10; 0;10;10;10
10;10;10; 0; 0;10;10
10;10; 0; 0; 0;10;10
10;10; 0; 0; 0;10;10
10;10; 0; 0; 0;10;10
10;10;10;10;10;10;10