pontszám;teljesítésért járó elem (minden elemnek van egy száma)
7x7-es mátrix, ami körbe van véve fallal (a belseje 5x5-ös)
32db fehér kártya van
1;2
10;10;10;10;10;10;10
10;10;10;10;10;10;10
10;10;10;10;10;10;10
10;10;10;10; 0;10;10
10;10;10; 0; 0;10;10
10;10;10;10;10;10;10
10;10;10;10;10;10;10
0;3
10;10;10;10;10;10;10
10;10;10;10;10;10;10
10;10;10;10;10;10;10
10;10; 0; 0;10;10;10
10;10;10; 0;10;10;10
10;10;10;10;10;10;10
10;10;10;10;10;10;10
1;4
10;10;10;10;10;10;10
10;10;10;10;10;10;10
10;10;10;10;10;10;10
10;10; 0;10; 0;10;10
10;10; 0; 0; 0;10;10
10;10;10;10;10;10;10
10;10;10;10;10;10;10
1;6
10;10;10;10;10;10;10
10;10;10;10;10;10;10
10;10; 0;10;10;10;10
10;10; 0;10; 0;10;10
10;10; 0; 0; 0;10;10
10;10;10;10;10;10;10
10;10;10;10;10;10;10
0;5
10;10;10;10;10;10;10
10;10;10;10;10;10;10
10;10;10;10;10;10;10
10;10;10; 0;10;10;10
10;10; 0; 0; 0;10;10
10;10;10;10;10;10;10
10;10;10;10;10;10;10
0;2
10;10;10;10;10;10;10
10;10;10;10;10;10;10
10;10;10;10;10;10;10
10;10;10; 0;10;10;10
10;10;10; 0;10;10;10
10;10;10;10;10;10;10
10;10;10;10;10;10;10
2;9
10;10;10;10;10;10;10
10;10;10;10;10;10;10
10;10;10;10;10;10;10
10; 0; 0; 0; 0;10;10
10;10; 0; 0; 0; 0;10
10;10;10;10;10;10;10
10;10;10;10;10;10;10
2;3
10;10;10;10;10;10;10
10;10;10;10;10;10;10
10;10; 0; 0;10;10;10
10;10; 0; 0;10;10;10
10;10; 0; 0; 0;10;10
10;10;10;10;10;10;10
10;10;10;10;10;10;10
0;7
10;10;10;10;10;10;10
10;10;10;10;10;10;10
10;10; 0;10;10;10;10
10;10; 0;10;10;10;10
10;10; 0; 0;10;10;10
10;10;10;10;10;10;10
10;10;10;10;10;10;10
0;4
10;10;10;10;10;10;10
10;10;10;10;10;10;10
10;10;10; 0;10;10;10
10;10;10; 0;10;10;10
10;10;10; 0;10;10;10
10;10;10;10;10;10;10
10;10;10;10;10;10;10
0;8
10;10;10;10;10;10;10
10;10;10;10;10;10;10
10;10;10;10;10;10;10
10;10; 0; 0;10;10;10
10;10;10; 0; 0;10;10
10;10;10;10;10;10;10
10;10;10;10;10;10;10
1;1
10;10;10;10;10;10;10
10;10;10;10;10;10;10
10;10;10;10;10;10;10
10;10;10; 0;10;10;10
10;10;10; 0;10;10;10
10;10;10;10;10;10;10
10;10;10;10;10;10;10
1;8
10;10;10;10;10;10;10
10;10;10;10;10;10;10
10;10;10;10;10;10;10
10;10; 0; 0;10;10;10
10; 0; 0; 0; 0;10;10
10;10;10;10;10;10;10
10;10;10;10;10;10;10
2;6
10;10;10;10;10;10;10
10;10;10;10;10;10;10
10;10; 0;10;10;10;10
10;10; 0; 0; 0;10;10
10;10; 0; 0; 0;10;10
10;10;10; 0; 0;10;10
10;10;10;10;10;10;10
1;2
10;10;10;10;10;10;10
10;10;10;10;10;10;10
10;10;10; 0;10;10;10
10;10;10; 0;10;10;10
10;10;10; 0;10;10;10
10;10;10;10;10;10;10
10;10;10;10;10;10;10
2;4
10;10;10;10;10;10;10
10;10;10;10;10;10;10
10;10; 0;10;10;10;10
10;10; 0; 0;10;10;10
10;10; 0; 0; 0;10;10
10;10; 0;10;10;10;10
10;10;10;10;10;10;10
1;4
10;10;10;10;10;10;10
10;10;10;10;10;10;10
10;10; 0; 0;10;10;10
10;10;10; 0; 0;10;10
10;10;10;10; 0;10;10
10;10;10;10;10;10;10
10;10;10;10;10;10;10
1;3
10;10;10;10;10;10;10
10;10;10;10;10;10;10
10;10;10;10;10;10;10
10;10; 0; 0;10;10;10
10;10; 0; 0; 0;10;10
10;10;10;10;10;10;10
10;10;10;10;10;10;10
1;7
10;10;10;10;10;10;10
10;10;10;10;10;10;10
10;10; 0;10;10;10;10
10;10; 0; 0;10;10;10
10;10; 0; 0; 0;10;10
10;10;10;10;10;10;10
10;10;10;10;10;10;10
2;5
10;10;10;10;10;10;10
10;10;10;10;10;10;10
10; 0; 0;10;10;10;10
10; 0; 0; 0; 0;10;10
10;10;10; 0; 0;10;10
10;10;10;10;10;10;10
10;10;10;10;10;10;10
0;9
10;10;10;10;10;10;10
10;10;10;10;10;10;10
10;10;10;10;10;10;10
10;10; 0; 0;10;10;10
10;10; 0; 0;10;10;10
10;10;10;10;10;10;10
10;10;10;10;10;10;10
1;9
10;10;10;10;10;10;10
10;10;10;10;10;10;10
10;10; 0;10;10;10;10
10;10; 0;10;10;10;10
10;10; 0;10;10;10;10
10;10; 0; 0; 0;10;10
10;10;10;10;10;10;10
2;8
10;10;10;10;10;10;10
10;10;10;10;10;10;10
10;10;10; 0;10;10;10
10;10;10; 0; 0;10;10
10;10; 0; 0; 0;10;10
10;10;10; 0; 0;10;10
10;10;10;10;10;10;10
0;6
10;10;10;10;10;10;10
10;10;10;10;10;10;10
10;10; 0;10;10;10;10
10;10; 0;10;10;10;10
10;10; 0;10;10;10;10
10;10; 0;10;10;10;10
10;10;10;10;10;10;10
2;2
10;10;10;10;10;10;10
10;10;10;10;10;10;10
10;10; 0; 0; 0;10;10
10;10;10; 0;10;10;10
10;10;10; 0;10;10;10
10;10;10;10;10;10;10
10;10;10;10;10;10;10
1;3
10;10;10;10;10;10;10
10;10;10;10;10;10;10
10;10;10;10;10;10;10
10; 0; 0; 0; 0; 0;10
10;10;10;10;10;10;10
10;10;10;10;10;10;10
10;10;10;10;10;10;10
2;7
10;10;10;10;10;10;10
10;10;10;10;10;10;10
10;10;10; 0;10;10;10
10;10; 0; 0; 0;10;10
10;10; 0; 0; 0;10;10
10;10;10; 0;10;10;10
10;10;10;10;10;10;10
1;5
10;10;10;10;10;10;10
10;10;10;10;10;10;10
10;10;10;10; 0;10;10
10;10; 0; 0; 0;10;10
10;10; 0; 0;10;10;10
10;10;10;10;10;10;10
10;10;10;10;10;10;10
0;4
10;10;10;10;10;10;10
10;10;10;10;10;10;10
10;10;10;10;10;10;10
10;10; 0;10;10;10;10
10;10; 0; 0;10;10;10
10;10;10;10;10;10;10
10;10;10;10;10;10;10
0;3
10;10;10;10;10;10;10
10;10;10;10;10;10;10
10;10;10;10;10;10;10
10;10; 0; 0; 0;10;10
10;10;10;10;10;10;10
10;10;10;10;10;10;10
10;10;10;10;10;10;10
1;2
10;10;10;10;10;10;10
10;10;10;10;10;10;10
10;10;10;10;10;10;10
10;10; 0; 0; 0;10;10
10;10;10; 0;10;10;10
10;10;10;10;10;10;10
10;10;10;10;10;10;10
0;2
10;10;10;10;10;10;10
10;10;10;10;10;10;10
10;10;10;10;10;10;10
10;10;10; 0;10;10;10
10;10;10; 0;10;10;10
10;10;10;10;10;10;10
10;10;10;10;10;10;10